438
1 204 1001 1296 1365 1858 
2 693 1227 2123 
3 481 490 567 871 991 1098 1144 
4 199 521 591 894 1039 1090 1319 
5 1697 2248 
6 374 708 1026 1834 
7 231 295 867 875 1024 1414 
8 263 381 487 488 780 1392 1417 
9 475 975 1427 1743 
10 259 265 770 834 843 952 1105 
12 121 122 506 1849 1973 
13 163 307 628 754 993 1254 1498 
14 124 796 1011 1019 1045 1260 
15 586 730 755 851 905 1263 
16 266 723 801 1053 1073 1611 
17 1079 1666 
18 148 362 367 1237 1270 1484 
19 436 518 933 1076 1979 
20 644 925 1025 2021 
21 228 260 261 280 398 430 598 1080 1185 1186 
23 38 565 891 981 1102 1670 
24 317 961 1463 3221 
25 1422 2134 
26 1249 1619 1712 
27 882 1341 2161 
28 835 1344 1812 
29 79 1281 1494 1531 
30 4 298 569 762 898 1472 1796 
31 18 73 929 1295 1876 
32 244 372 501 528 629 664 775 1158 
33 537 1211 2760 
34 380 728 1035 1376 1976 
35 651 1658 2418 
36 107 254 1338 2107 2172 
37 47 418 439 499 585 1009 1266 1353 
38 714 1187 1536 2270 
39 22 478 777 885 1036 2036 
40 1133 1149 1457 1827 
42 52 90 241 308 555 681 842 1155 1276 
43 292 1123 1616 2339 
44 93 505 720 1082 1091 2210 
45 161 290 534 1137 1524 1595 
46 60 1886 2259 
47 289 1943 2284 
48 358 1152 1218 1696 
49 28 483 571 1143 1662 1884 
50 217 916 1343 1455 1492 
51 135 660 1005 1049 1312 1590 
52 564 613 1274 
53 195 279 532 859 1207 1863 
54 276 303 1033 1440 1647 
55 1159 1416 2217 
56 514 845 911 1230 1292 
57 582 1627 1874 
58 8 130 150 349 1653 2336 
59 443 1366 1699 2340 
60 43 1145 1373 
61 412 655 765 895 1160 1570 
62 274 426 491 563 781 965 1845 
63 210 472 816 927 1775 
64 252 424 1072 1216 1241 1335 
65 1239 1277 1880 
66 940 2263 
67 268 473 495 967 1109 1142 1223 
68 277 438 726 873 1164 1261 
69 68 417 739 800 1129 1299 
70 23 164 305 540 881 1107 2699 
71 80 435 676 793 999 1093 1308 
73 35 446 603 973 1180 1766 
74 242 757 1020 2700 
76 286 403 625 974 1014 1198 
77 462 1010 1644 2195 
78 193 273 661 992 1167 1200 1425 
79 1865 1883 
80 69 170 386 751 837 955 960 1345 
81 408 1304 1717 1755 
82 2393 3535 
83 131 171 184 1030 1537 1918 
84 599 636 705 776 988 1351 
85 1213 3515 
86 736 868 1919 1996 
87 98 103 810 1122 1126 1589 
88 108 126 202 428 496 524 668 704 906 1038 
89 966 1411 2468 
91 188 200 394 949 1068 1136 1258 
92 452 942 1088 1179 
93 216 900 1161 2466 
94 183 811 924 1110 1132 1396 
96 26 648 778 1917 1999 
97 758 866 1100 1489 1654 
98 1057 2011 
99 115 461 804 1048 1519 1617 
100 53 1021 1630 2088 
101 120 270 634 1233 1533 1801 
102 62 67 214 425 656 685 707 1671 
104 269 363 633 647 893 1032 1720 
105 24 391 577 803 1352 1663 
106 34 48 82 224 318 594 631 1188 1566 
107 134 411 480 554 1501 1503 
108 30 729 890 1327 1832 
109 1002 1060 1479 2268 
110 902 1119 1686 2255 
111 169 191 579 666 711 861 1089 1095 
112 57 132 853 934 1271 1301 
113 390 1439 1477 1668 
114 168 316 337 410 494 653 1116 1154 
117 39 63 291 468 583 760 1022 1027 1064 
118 1702 2625 
119 258 1066 1228 1315 1363 
120 643 782 3327 
121 179 667 1174 1446 1551 
122 539 5435 
123 304 2942 
124 86 87 451 752 1028 1538 1613 
125 212 246 331 523 1058 1192 1462 
126 209 283 449 486 630 749 764 1250 
127 21 99 146 157 466 818 1070 2047 
128 333 519 556 713 1253 1805 
129 1742 3391 
130 1340 1575 2535 
131 7 125 637 1567 2948 
134 356 1018 2081 2257 
135 364 389 512 786 1147 1359 
137 663 689 919 1306 
138 105 201 384 566 969 1051 1153 1509 
139 607 1767 2198 
140 400 1157 1926 
141 437 887 959 1273 1792 
142 646 1103 1633 1924 
143 222 673 1908 2001 
144 580 794 2169 
145 361 502 692 743 899 1607 
146 525 617 1579 2817 
147 431 465 1182 3406 
148 271 423 745 2096 
149 1810 2986 
150 319 1141 1387 1410 
151 1618 2150 
152 185 294 790 1597 1818 
153 310 504 561 696 1515 1744 
155 58 147 1317 1608 2241 
156 151 197 365 1007 1314 1318 1361 
157 2574 2958 
158 182 186 236 503 767 813 877 1034 1131 
159 990 1573 
160 14 387 756 797 809 886 1120 
161 102 353 611 831 1267 1346 
162 36 470 772 2128 
163 257 285 1610 1635 2057 
164 74 1293 2684 
165 233 1015 1357 1522 
166 15 40 198 309 612 774 854 1163 1203 
167 338 382 740 913 2373 
168 467 956 1587 2285 
169 45 2175 2478 
170 235 237 330 948 1081 1940 
171 1468 1749 2010 
172 592 1459 1473 
173 101 140 944 994 1703 1860 
174 329 1488 1622 1701 
175 784 1679 2113 
176 1041 3003 
177 110 208 1652 2061 
178 626 674 932 1819 
179 59 77 963 1354 1674 
180 706 1146 1407 1730 
181 1282 4446 
182 160 602 699 989 3138 
183 1215 1555 2587 
184 370 1802 2425 
185 725 848 1077 1964 
186 1162 1542 1569 
187 1114 1350 2472 
188 1748 1838 1970 
190 787 951 
191 1584 3500 
192 551 576 1225 1432 1543 
193 226 448 727 732 807 903 976 
194 165 1065 1210 1284 2006 
195 618 718 1170 1520 
196 645 855 2892 
197 832 1023 1563 
198 340 1729 1989 
200 145 172 341 427 688 747 1094 1178 
201 178 230 239 485 1934 2108 
202 558 659 799 1121 1460 
203 3215 
204 608 1189 3114 
205 2007 2505 
206 127 702 1600 2631 
207 81 123 535 709 1689 2075 
208 4220 
209 287 474 888 1799 1859 
210 407 1069 2004 
211 223 1911 1961 
212 3202 
216 311 546 547 1138 1222 1298 
217 25 433 553 1111 1255 1864 
218 44 421 493 1061 1257 1437 
220 369 460 622 931 1017 1104 
221 351 691 1681 2109 
222 3 158 1820 2886 
223 342 789 879 1067 1197 1391 
224 401 1316 1381 1728 
225 1349 2830 
226 463 738 742 1071 1854 
227 251 1505 1651 1904 
228 498 511 3176 
229 557 619 1909 
230 332 484 909 920 1244 1356 
231 219 445 766 997 1269 1332 
232 315 1561 1896 
233 118 1217 2343 
234 543 998 1347 1458 1592 
235 139 432 1413 1507 1623 
237 1252 2200 
238 1194 1324 2432 
239 300 545 1495 1690 
241 785 930 1264 1490 
242 3019 
243 213 2313 2567 
244 51 92 1172 1401 1950 
245 282 763 1855 1980 
246 560 1040 2119 2183 
247 31 420 2290 2385 
248 288 326 640 1732 1825 
249 1803 2274 
250 54 454 684 858 1405 1421 
251 346 357 3140 
252 190 215 355 638 1125 1629 
253 325 850 2494 
254 72 392 1913 2333 
255 533 1063 3086 
256 440 671 1763 2586 
257 33 368 641 892 915 1234 1512 
260 49 1724 2489 
261 1 2444 
262 447 584 1321 2304 
263 339 509 572 587 1972 
264 746 820 1438 2639 
265 9 2989 
266 1676 3507 
267 2421 2735 
268 489 570 658 1074 1206 1725 
269 143 159 409 526 559 928 954 1004 1256 
271 56 1581 3044 
272 453 735 750 769 1003 1043 1078 
273 238 313 336 614 1283 1685 
274 343 515 517 939 1097 1867 
275 3571 
276 508 695 805 1364 1993 
277 19 155 296 320 422 717 980 2202 
279 1201 1436 1526 
280 2409 2506 
281 1419 1485 1621 
282 264 657 962 1016 1177 
283 1777 2842 
284 232 596 649 1348 2328 
285 1062 1716 2120 
286 2372 2386 
287 397 1112 1184 1279 1330 
288 175 248 284 404 721 724 1291 1297 
289 46 759 1290 
291 109 221 429 863 1443 
292 321 464 469 1113 1175 2159 
293 354 970 1388 2428 
294 761 1013 2354 
295 255 827 2214 2293 
296 71 872 1598 1731 
298 281 327 792 874 2369 
299 293 946 953 1101 1660 
300 243 507 864 1056 1723 
301 687 1208 2618 
302 297 405 788 1265 1302 1487 
303 314 434 500 814 1831 1947 
304 344 968 1118 1196 2145 
305 712 1705 1984 
306 234 1571 2254 
307 366 1173 2458 
308 176 1639 1787 1873 
311 620 1815 2071 
312 37 1042 1395 1981 
313 0 61 97 152 1209 1518 1530 
315 1171 1550 
316 129 249 441 544 896 945 1037 1311 
319 88 180 2005 2493 
320 206 275 697 1124 1456 1821 
321 166 1204 1778 1811 
322 574 680 869 1326 1431 
323 41 376 846 1190 1659 
324 111 301 2769 
325 225 1374 1426 1615 
327 114 1199 1205 1601 
328 1706 1841 1985 
329 66 350 923 1678 
332 1399 2782 
333 153 840 1166 1669 2143 
334 492 722 808 2116 
335 823 1447 
336 2 76 83 378 597 601 642 703 715 768 838 
338 65 857 865 1202 1814 
339 91 815 3010 
340 78 1075 2272 
342 32 822 1968 
343 683 1423 1544 2008 
344 203 476 589 672 1231 1534 
346 359 741 2222 
347 42 173 240 377 609 922 938 1115 
348 623 779 1525 2905 
349 2867 
350 632 983 1379 1605 
351 119 141 218 388 513 802 918 1052 1085 
352 335 578 1086 1108 1275 
353 6 399 744 828 1128 1694 
354 455 1620 1693 2000 
356 737 907 917 2651 
357 678 1148 1226 1278 1408 
358 96 3542 
359 17 416 1442 3990 
360 604 1169 2019 2089 
361 100 459 731 839 847 1580 
362 910 1151 
363 791 1540 1862 
364 89 654 1236 1471 
365 348 669 698 971 1165 1240 
366 889 1657 
367 1219 2277 
369 352 1475 1877 2155 
370 450 510 1548 1650 
371 1789 1955 
372 10 70 1624 2176 
373 106 196 568 1012 1313 1389 
374 694 860 908 1682 
375 11 95 220 1031 1385 2467 
376 112 278 550 700 926 1286 1517 
377 650 878 1586 1899 
378 154 1451 3008 
380 1193 1342 1565 
381 227 256 852 987 995 1046 1562 
382 1212 1504 2750 
383 116 482 600 862 977 1762 
384 605 734 849 914 1156 1412 
385 177 187 393 575 701 1092 1134 1150 
386 128 477 935 1050 1333 1751 
387 16 194 1054 1648 
388 20 253 457 1836 2030 
390 181 272 406 958 986 2265 
391 538 686 1466 1887 
393 302 690 996 1006 1322 1360 
395 1367 1372 1634 
396 334 373 573 783 972 1106 1127 
397 413 884 1523 2077 
398 716 1386 1875 
399 117 985 1229 
400 323 824 1334 1593 1722 
401 4271 
402 733 1130 1307 1990 
403 2914 
404 458 542 819 1176 1243 
405 856 2964 
406 5 662 1117 1368 1390 
408 1558 4101 
409 2170 2436 
410 1220 1643 1735 
413 29 64 595 1083 1303 1430 1461 
414 624 1939 
415 133 312 904 3423 
416 541 1280 1496 
417 245 771 2091 
418 85 113 324 383 936 1238 1242 
419 328 1736 2887 
420 442 2189 2712 
421 167 677 1632 2482 
422 941 1400 3497 
423 207 1409 1822 
424 12 1994 2102 
425 84 821 836 870 3154 
426 675 2002 
427 2889 
428 639 1560 
429 844 984 1259 1559 
430 104 581 982 1183 2079 
432 635 1684 2059 
433 1493 2499 
434 379 402 444 529 652 1546 
435 1995 2749 
436 149 829 1384 2052 
437 396 825 4389 
438 1246 1700 1830 
439 247 262 2045 2320 
440 516 527 880 1099 1371 
441 144 606 2805 
442 979 1044 2554 
443 806 2020 
444 682 826 1000 1139 1168 
445 229 947 1966 2481 
446 55 456 1248 1441 1578 
447 299 306 2464 2865 
449 1645 3622 
450 1181 1826 2173 
451 1539 2358 
452 94 250 2707 
453 395 978 1957 2433 
456 142 162 1798 2026 
457 267 1806 2324 
458 590 2754 
459 1378 
460 1059 1903 
463 593 615 621 1096 1214 1251 
464 2500 2519 
465 5332 
466 2101 3300 
467 1084 1191 3716 
469 497 1331 1465 1745 
470 375 385 552 562 710 937 957 1029 
471 830 943 1135 1424 1637 
472 530 1055 1946 2206 
473 27 1760 3122 
474 75 414 773 1221 1320 1470 
475 345 2085 2225 
476 50 471 616 1329 1576 1930 
477 610 753 1757 2188 
478 347 588 1406 1464 1499 
479 205 536 901 950 1008 1511 
480 156 921 2784 
482 964 2215 
483 1047 1232 2953 
484 138 192 479 679 798 817 897 1245 
485 360 795 1628 1758 
487 748 833 912 1646 1718 
488 136 137 1087 1428 1739 
489 522 876 1631 1847 
492 371 419 520 841 1604 1878 
493 13 2287 2912 
494 174 3945 
496 1881 1937 
498 211 531 627 670 1262 1325 
499 322 1418 1474 1852 