43
12 29 61 78 90 288 368 383 521 735 736 773 826 845 926 1038 1146 
17 215 361 435 454 622 633 731 759 946 1162 1185 1352 
18 95 242 286 362 465 720 865 939 965 1052 1143 1205 1222 
20 19 62 159 210 214 247 250 490 516 595 655 748 814 908 935 1039 1058 
21 6 85 109 168 249 342 392 400 409 412 463 474 564 625 705 713 757 765 813 932 
22 49 96 173 442 458 555 584 822 843 877 1028 1215 1310 1335 
23 611 885 947 1042 1105 1152 1156 1402 1413 
24 4 31 65 91 167 181 186 323 330 440 477 494 539 602 641 702 704 725 769 828 857 
26 28 92 222 328 353 469 470 493 513 580 587 597 695 714 739 772 854 863 
32 104 144 175 217 235 251 254 281 359 402 420 505 520 537 557 586 645 648 677 684 697 709 
33 66 118 151 158 289 315 417 446 501 523 568 582 809 864 917 988 990 1059 
34 0 55 134 264 396 434 437 550 608 666 688 760 860 909 936 1007 1025 
37 198 363 371 395 514 591 776 817 827 866 1089 1176 1233 
39 94 169 189 192 204 322 393 421 506 632 701 728 750 790 796 872 878 879 
41 20 156 527 554 581 812 1322 1408 1415 1516 1575 
42 42 408 422 432 444 478 588 815 968 1108 1263 1460 1552 
45 1 27 44 105 107 183 193 225 226 229 239 255 335 365 384 397 447 459 462 467 509 592 624 629 665 671 752 
47 12 67 129 130 140 194 245 266 344 345 479 536 746 775 888 981 995 1001 1048 
48 33 124 218 248 274 357 366 403 545 841 852 1023 1163 1260 1312 
49 88 259 272 297 419 471 483 646 675 763 969 1074 1504 1617 
53 114 171 184 230 295 334 348 369 404 510 524 674 724 755 798 838 978 1029 
56 16 32 108 292 391 719 799 825 889 1406 1500 1543 
57 7 11 53 82 111 136 268 287 306 321 372 456 486 553 572 619 689 699 708 738 778 797 884 
62 10 64 77 164 195 325 332 356 491 495 583 650 661 662 696 770 919 1033 1050 
63 57 115 135 188 307 570 638 660 944 1019 1104 1223 1283 1303 
64 56 79 208 265 282 310 312 352 373 512 565 829 904 987 1167 1236 1302 
66 97 133 211 296 551 669 734 774 795 801 1093 1272 1282 1289 
67 25 60 63 119 240 283 309 375 411 466 472 487 488 511 515 540 552 562 574 601 681 767 779 
68 9 68 161 197 207 244 433 499 530 635 913 1087 1130 1139 1267 1407 
71 3 84 153 182 196 327 350 360 407 438 443 445 448 473 480 504 534 541 651 654 663 723 727 
74 234 258 275 418 517 612 659 914 992 1188 1210 1332 
75 141 358 388 394 427 679 756 762 977 993 1061 1266 1279 
80 36 41 99 112 221 257 299 311 319 380 382 609 685 686 703 869 916 1043 1044 
81 8 93 152 200 457 518 715 934 1079 1361 1375 2102 
82 14 21 271 320 337 496 502 642 718 839 907 958 999 1325 1329 
83 89 150 155 279 349 560 593 740 783 871 1004 1020 1084 1141 
84 256 386 613 824 837 870 1158 1196 1275 1447 
86 98 227 260 267 351 500 538 636 673 682 726 847 943 997 1120 1121 
88 497 672 766 803 928 1053 1503 1583 1591 
90 76 449 610 786 1068 1071 1110 1189 1405 1422 
91 71 100 139 145 177 253 338 378 426 620 868 1016 1083 1287 1419 1437 
92 40 165 399 475 549 585 590 698 768 1054 1123 1178 1288 
99 50 51 75 116 120 270 301 339 389 498 599 897 901 930 933 937 1017 1070 